148
148
148
148
148
148
166.208
148.208
148.208
148.876
148.256
148.161
148.472
148.991
165.991
166.991
166.991
166.991
163.991
159.991
159.991
159.991
154.354
155.003
154.935
154.935
154.935
154.935
154.935
154.935
154.935
154.935
147.935
147.157
145.973
145.968
147.668
145.44
147.319
145.319
145.319
145.319
145.319
146.319
145.319
145.319
145.319
145.771
140.771
137.771
137.425
141.39
136.39
136.539
135.632
137.675
138.172
131.172
148
148
148
148
148
148
148
148
148
148
148
148
148
148
148
148
148
148
148
148
148
148
148
148
148
148
