225
225
186.023
186.023
200.023
213.777
214.353
214.4
214.266
225.16
225.973
226.965
226.864
227.58
227.534
227.534
227.534
227.534
226.941
226.941
226.941
226.941
224.941
224.941
224.941
224.941
224.941
192.614
192.614
192.614
211.614
211.316
212.316
211.891
212.051
210.119
212.022
211.778
211.908
217.908
214.908
214.768
214.385
214.493
214.739
208.606
208.199
208.243
208.243
274.243
274.243
274.243
274.243
274.243
274.243
282.243
281.462
281.482
281.538
259.882
259.495
259.131
259.569
259.175
259.216
259.83
259.535
198.535
206.535
206.535
206.169
206.829
206.829
206.829
206.829
236.829
236.829
236.829
236.829
236.829
237.371
236.742
237.373
226.373
222.373
222.373
226.609
184.014
188.014
188.014
190.014
187.014
188.014
187.848
190.402
188.005
193.146
193.411
190.608
257.433
271.963
271.963
271.963
271.963
271.963
183.963
174.963
