221.205
221.205
221.205
221.205
247.205
247.205
198.205
169.112
169.951
169.602
170.362
195.362
194.362
194.362
194.362
194.362
194.689
194.275
194.553
193.734
194.042
190.042
189.824
170.315
169.918
170.45
170.45
170.45
171.45
177.45
177.45
177.45
176.45
179.45
179.514
178.742
184.764
184.764
185.657
184.57
184.389
194.381
194.307
193.63
193.63
194.188
194.333
197.333
197.333
197.333
197.333
198.333
197.333
197.333
149.333
159.763
170.089
170.491
170.462
170.985
170.109
170.539
170.74
174.832
174.986
175.3
176.15
178.15
178.15
177.891
183.742
184.292
184.292
185.545
185.462
178.263
178.263
178.263
177.263
178.263
177.263
177.263
181.263
181.263
181.056
181.099
170.882
168.214
169.063
171.078
169.296
171.272
168.632
168.632
172.439
174.274
174.257
177.031
176.368
177.078
176.685
163.685
184.685
153.685
163.685
153.685
157.685
166.685
166.685
166.803
166.307
165.799
166.426
166.699
166.699
157.699
159.699
159.699
159.699
159.699
159.699
159.699
162.162
162.521
162.521
162.521
162.521
162.101
162.363
162.363
165.363
165.363
165.363
157.715
157.715
158.12
158.341
157.134
157.134
157.134
144.134
143.134
171.134
171.134
