178.687
180.687
182.687
182.687
182.687
182.687
182.687
183.1
182.22
182.741
191.652
192.073
191.836
192.17
181.635
181.595
181.778
186.778
189.778
189.778
189.778
189.805
189.942
189.966
189.758
189.524
189.432
189.802
189.775
189.502
191.005
191.875
182.464
182.371
182.319
181.812
181.716
180.51
181.179
166.956
163.956
163.975
163.975
160.975
163.975
165.975
163.975
163.975
163.975
164.975
164.946
165.105
165.105
165.105
165.178
176.402
176.667
176.882
176.427
176.427
171.427
171.427
171.427
171.427
171.149
172.072
171.337
171.593
172.391
172.757
172.757
171.757
171.757
171.757
169.757
