220.325
220.325
220.325
220.369
221.202
221.057
220.057
218.926
211.926
211.918
212.208
206.722
206.282
206.539
205.539
205.539
205.539
205.539
210.539
210.539
210.539
210.55
210.55
210.687
208.423
205.413
204.413
204.413
204.413
204.413
204.036
230.611
232.324
232.026
232.792
232.792
231.792
231.792
220.792
232.792
232.792
233.792
209.792
209.112
209.42
209.42
209.42
206.42
205.42
206.42
206.42
206.42
206.42
205.462
202.413
206.984
202.157
202.248
203.009
203.009
202.009
202.446
202.439
202.628
203.113
203.113
203.113
205.138
205.594
205.292
212.399
212.107
212.107
212.107
212.377
212.377
213.377
213.377
212.377
170.377
170.377
