197
197
197
267.205
228.205
228.205
232.205
232.205
228.205
228.205
206.205
206.205
205.749
212.746
211.393
210.975
211.975
210.975
211.975
211.975
211.975
211.975
212.975
212.975
216.697
216.933
187.933
187.933
187.933
187.933
187.933
187.933
196.933
197.354
197.679
196.862
197.109
196.833
197.415
198.701
197.059
199.059
198.992
198.992
195.992
195.992
195.992
195.992
195.992
195.992
196.409
194.898
194.164
194.067
194.067
192.264
192.183
192.183
183.183
183.183
189.183
189.183
175.183
178.183
186.183
188.389
192.116
190.621
188.433
188.847
197.227
197
197
197
197
197
197
197
197
197
197
197
197
197
197
197
197
197
197
197
197
197
197
197
197
197
197
197
197
