179
179
179
130.242
137.242
142.242
144.242
147.958
148.222
158.382
159.004
163.994
163.633
163.824
175.436
177.859
177.694
178.054
178.487
177.956
179.517
179.428
179.051
179.269
179.541
179.37
180.089
179.74
178.902
178.505
177.814
177.606
177.569
176.852
167.852
169.852
167.852
167.46
167.93
168.04
162.289
163.265
162.907
162.758
161.212
162.815
155.724
155.724
155.575
145.244
145.244
145.244
145.244
145.244
147.244
148.244
148.244
148.244
148.146
158.395
158.718
158.47
158.394
160.446
161.011
160.519
165.763
164.894
164.774
165.116
165.207
162.835
161.722
161.658
162.153
162.005
161.564
161.361
158.766
157.913
153.913
145.913
145.913
145.913
141.913
