482.268
482.246
481.736
479.323
479.323
479.323
459.472
448.207
447.743
457.346
433.518
432.878
429.651
421.355
416.355
416.291
416.108
416.108
415.956
415.956
415.448
416.051
417.051
416.051
406.051
405.514
405.514
405.514
405.514
404.643
396.594
395.594
396.594
396.594
396.594
397.03
397.19
397.205
397.262
396.963
397.419
397.419
397.419
400.029
400.006
400.006
401.006
401.457
378.457
378.693
378.693
378.693
381.693
381.693
381.693
387.693
387.693
387.856
388.048
387.048
382.048
382.048
382.048
382.048
381.048
381.048
381.334
380.717
380.717
380.717
374.717
374.717
376.717
373.914
373.972
374.459
374.36
373.985
373.684
373.684
373.684
371.594
372.512
372.512
372.512
373.512
373.263
373.263
373.263
373.263
373.263
373.263
373.263
373.263
373.263
366.646
367.646
358.861
