659
659
659
659
659
659
659
659
659
659
659
659
659
659
659
659
659
659
659
659
659
659
659
659
659
659
659
659
659
659
659
659
659
659
659
659
659
659
659
659
659
659
659
659
659
659
659
659
659
659
659
659
659
659
659
659
659
659
659
659
659
659
659
659
659
659
659
659
659
659
659
659
659
659
659
659
659
659
659
659
659
659
659
659
659
659
659
659
659
659
659
659
659
659
659
659
659
659
659
659
659
659
659
659
659
659
659
659
659
659
659
659
659
659
659
659
659
659
659
659
659
659
659
659
659
659
659
659
659
659
659
659
659
659
659
659
659
659
659
659
659
659
659
659
659
659
659
659
659
659
659
659
659
659
659
659
659
659
659
659
659
659
659
659
659
659
659
659
659
659
659
659
659
659
659
659
659
659
659
659
659
659
659
659
659
659
659
659
659
659
659
659
659
659
659
659
659
659
659
659
659
659
659
659
659
659
659
659
659
659
659
659
659
659
659
659
659
659
659
659
659
659
659
659
659
659
659
659
659
659
659
659
659
659
659
659
659
659
659
659
659
659
659
659
659
659
659
659
659
659
659
659
659
659
659
659
659
659
659
659
659
659
659
659
659
659
659
659
659
659
659
659
659
659
659
659
659
659
659
659
659
659
659
659
659
659
659
659
659
659
659
659
659
659
659
659
659
659
659
659
659
659
659
659
659
659
659
659
659
659
659
659
659
659
659
659
659
659
659
964.231
659
964.189
659
659
659
659
659
659
659
659
659
659
659
659
659
659
659
659
659
659
659
659
659
659
659
659
659
659
659
659
659
659
659
659
659
659
659
659
659
659
659
659
659
659
659
659
659
659
659
659
659
659
659
659
659
942.968
943.133
942.732
942.569
943.067
943.067
942.693
942.44
659
659
659
659
659
659
659
659
659
973.416
659
972.777
974.392
973.795
974.353
908.307
818.053
817.666
822.212
908.212
823.507
822.128
823.128
823.456
823.456
823.437
822.95
909.277
659
659
912.094
912.272
823.654
912.228
825.067
824.624
824.924
824.465
824.97
825.15
825.15
825.509
825.55
753.555
754.25
753.686
754.686
754.366
755.35
755.35
754.566
755.728
755.728
755.865
939.541
939.592
939.795
939.533
939.877
659
823.542
823.554
823.831
823.928
824.157
723.635
724.118
724.118
723.903
723.431
723.431
825.522
718.224
718.701
718.701
719.263
719.327
719.18
718.866
718.866
719.541
719.541
710.165
709.738
710.201
709.945
710.311
955.731
956.52
955.788
953.557
953.557
951.909
951.17
949.992
950.34
792.518
963.516
972.135
972.135
972.225
969.026
969.026
972.728
816.42
816.459
816.126
816.126
816.131
816.131
815.972
815.978
816.978
659
664.978
664.978
662.436
662.436
663.197
663.197
662.725
923.105
922.62
663.712
663.318
664.105
663.924
663.924
663.924
663.924
663.924
663.924
663.924
663.924
663.924
663.93
665.93
666.018
666.02
666.091
666.141
666.141
666.24
666.524
740.779
741.105
741.105
741.105
741.347
741.392
666.531
666.976
666.976
667.165
667.272
667.326
667.326
667.32
658.32
667.139
659.139
659.139
658.915
658.915
713.735
771.686
771.686
771.686
713.665
713.665
659.389
703.389
703.3
703.3
703.3
703.134
703.094
703.059
804.059
804.059
804.059
804.059
804.059
804.059
804.059
986.059
986.311
986.311
986.311
986.311
986.41
986.496
986.496
987.496
988.15
988.15
988.15
987.849
987.849
987.849
987.849
987.849
659
658.831
659.495
659.338
951.338
951.338
951.338
951.338
952.158
952.158
952.158
952.013
951.91
951.91
895.91
895.91
896.721
765.721
765.721
765.721
765.498
750.498
750.485
750.485
750.476
846.476
846.476
847.194
847.052
846.97
780.902
780.902
780.902
780.902
782.521
782.521
782.503
782.209
782.209
783.209
723.77
723.77
723.77
723.77
772.4
772.4
772.4
772.4
772.4
685.758
685.758
778.758
673.551
698.551
809.551
810.551
810.551
809.788
810.734
810.734
810.734
671.628
671.628
671.628
671.628
671.628
670.901
722.901
722.729
722.729
722.729
722.729
723.729
723.224
723.118
723.096
698.096
697.831
697.798
697.709
670.709
670.709
670.709
659.709
659.709
659.709
659.709
659.709
659.739
659.767
671.767
671.767
671.835
671.951
671.852
671.813
671.813
671.813
976.813
671.813
660.711
659.711
659.711
659.711
659.711
659.711
659.711
659.711
698.711
698.74
698.74
698.74
698.74
659.858
659.858
659.858
660.044
660.126
660.126
660.126
660.02
660.02
659.596
659.596
660.446
660.446
660.446
660.446
660.446
659.446
659.446
659.446
659.446
658.568
658.568
657.675
658.583
657.583
657.502
657.502
656.78
657.201
657.201
656.705
657.705
656.881
657.201
657.553
657.553
657.857
658.118
658.188
658.605
658.472
695.119
694.805
694.805
658.183
658.183
657.866
657.586
657.586
657.983
657.983
657.652
658.341
657.982
688.774
688.57
688.47
688.46
654.46
654.46
654.46
654.082
654.859
654.646
649.012
656.012
654.758
656.402
656.242
654.044
656.699
656.652
654.381
654.381
655.324
655.165
654.968
654.94
652.858
652.858
682.858
682.858
650.854
650.854
650.854
650.854
650.854
649.854
649.854
649.854
649.839
649.825
682.312
651.312
651.093
650.987
651.211
657.121
657.121
657.648
657.452
657.254
657.159
657.082
657.985
714.754
714.704
714.351
643.058
642.833
642.833
642.377
642.377
642.809
642.696
642.696
709.04
929.986
709.517
935.575
935.575
935.137
936.137
936.137
659
663.683
855.027
699.487
711.487
699.125
637.668
637.161
637.161
637.569
637.087
672.547
672.547
672.547
674.604
637.055
758.055
670.055
669.861
669.861
669.813
913.174
912.612
912.89
699.496
912.584
912.91
913.337
659
659
683.413
683.355
683.684
902.493
693.493
693.493
693.493
693.493
693.493
623.493
623.493
623.493
623.413
623.091
621.77
621.399
662.082
621.886
621.421
621.181
621.12
621.12
621.12
620.913
619.57
618.819
619.033
659
619.039
618.732
619.063
618.061
618.187
618.5
617.528
617.428
617.261
616.808
617.237
612.552
612.458
612.458
612.458
612.458
612.458
612.458
612.458
612.458
612.458
612.564
612.798
611.798
611.798
613.798
613.798
613.798
613.615
614.017
614.195
644.513
887.83
888.322
888
624.797
624.797
624.596
624.348
624.99
624.741
624.546
610.385
610.354
607.034
607.869
607.098
619.837
608.613
620.475
620.195
620.195
620.195
620.195
620.195
604.195
603.982
607.687
607.445
607.383
607.222
607.542
607.954
607.265
607.709
607.231
607.515
634.856
598.539
596.468
596.327
595.938
595.564
596.341
595.341
596.341
594.341
659.063
593.606
593.347
593.966
593.507
593.505
592.505
592.761
592.231
592.511
592.229
591.999
591.788
591.788
592.788
644.788
799.788
648.788
801.788
801.788
801.788
802.731
591.154
590.781
589.441
589.813
589.823
590.195
590.116
590.116
588.116
587.116
587.116
587.116
587.116
587.116
587.296
587.434
587.58
581.742
581.968
581.533
581.96
581.943
581.679
581.861
581.201
580.705
586.705
586.676
583.716
584.564
584.564
584.564
584.564
584.564
584.564
584.564
584.718
585.014
584.287
584.585
569.416
569.104
569.743
569.586
569.287
569.057
569.034
569.034
569.034
577.034
577.034
577.034
578.034
578.034
577.977
572.867
572.863
572.752
573.174
572.6
572.299
572.034
572.062
572.709
572.739
572.313
561.437
561.949
562.127
563.321
562.375
563.182
563.182
562.182
562.182
561.715
562.624
555.316
556.848
554.923
555.186
554.201
554.003
554.003
554.003
554.003
554.003
554.003
554.003
549.003
549.003
548.639
548.639
547.764
547.848
548.848
547.848
547.848
547.848
546.848
546.848
546.848
546.848
546.987
546.987
546.504
546.519
546.519
546.519
545.519
545.519
545.519
545.519
545.519
545.519
544.997
544.997
544.997
545.646
543.456
543.456
543.456
543.126
542.973
543.518
543.268
542.922
545.739
545.675
545.653
545.653
547.621
547.359
547.139
547.002
547.002
543.002
543.002
543.002
543.002
543.002
543.002
543.002
543.082
535.163
535.466
535.466
535.466
535.466
535.466
535.466
535.466
535.466
535.466
536.052
535.495
535.983
536.248
536.346
535.346
535.346
535.346
535.346
536.346
536.346
535.346
535.346
535.596
535.596
535.596
532.596
531.596
532.083
532.084
531.984
532.417
532.234
532.234
531.234
530.843
527.629
527.628
527.349
527.146
527.111
527.423
527.597
526.917
526.917
526.917
523.917
524.003
523.848
523.487
523.119
522.119
522.119
522.119
522.119
824.119
715.119
715.119
522.033
714.033
714.033
521.033
519.494
519.494
519.494
519.494
519.438
519.577
519.447
519.447
518.776
518.449
518.56
518.18
518.18
518.295
515.294
515.294
515.294
515.294
515.294
514.294
514.294
514.294
514.294
514.014
513.879
514.047
514.122
514.065
514.167
513.605
511.309
510.309
510.309
510.309
506.309
506.664
507.177
506.916
506.789
505.904
505.991
505.991
505.991
506.991
503.991
503.991
503.991
503.991
503.991
503.476
504.21
502.867
502.867
502.867
502.867
502.353
502.177
502.787
502.412
502.29
497.189
496.498
496.06
496.461
495.755
495.454
495.454
495.454
495.454
494.454
494.454
493.082
491.807
491.645
492.293
491.505
491.328
491.328
491.328
490.328
489.911
488.676
486.241
487.005
486.575
486.629
485.542
485.887
485.434
485.778
485.014
484.886
484.486
484.739
483.802
484.045
482.424
482.334
481.246
479.549
479.826
478.745
479.045
482.228
481.742
482.392
482.021
481.862
469.992
469.59
469.59
469.59
468.59
467.59
468.59
463.59
463.59
828.59
828.603
492.144
491.878
491.51
491.936
491.596
765.376
484.495
708.976
708.523
767.955
707.09
659
659
659
659
659
659
659
659
659
659
659
659
659
659
659
659
659
659
659
659
659
659
659
659
659
659
659
659
659
659
840.866
840.866
840.866
840.866
659
659
659
659
659
659
659
659
659
659
659
659
659
659
659
659
659
659
659
659
659
659
659
659
659
659
659
659
659
659
659
659
659
659
659
659
659
659
659
659
659
659
659
659
659
659
659
659
659
659
659
659
659
659
659
659
659
659
659
659
659
659
659
659
659
659
659
659
659
659
659
659
659
659
659
659
659
659
659
659
659
659
659
659
659
659
659
659
659
659
659
659
659
659
659
659
659
659
659
659
659
659
659
659
659
659
659
659
659
659
659
659
659
659
659
659
659
659
659
659
659
659
659
659
659
659
659
659
659
659
659
659
659
659
659
659
659
659
659
659
659
659
659
659
659
659
659
659
659
659
