155.832
156.26
156.019
156.529
156.463
156.263
156.263
156.045
125.045
125.045
126.045
127.045
126.045
126.045
139.045
138.045
138.265
138.765
137.98
138.224
138.936
138.85
138.85
137.85
133.85
129.85
129.85
130.85
130.934
130.934
130.894
129.894
129.894
129.894
130.057
130.057
130.445
129.618
129.964
130.031
134.031
134.031
134.031
131.031
131.031
130.88
131.021
131.087
130.771
131.08
131.08
131.08
131.08
139.08
139.08
139.08
138.955
138.54
138.496
138.367
138.528
139.528
136.528
107.528
111.528
111.528
111.528
120.528
120.528
120.459
120.498
123.468
123.431
123.431
142.431
149.431
162.431
133.431
133.431
133.431
142.431
142.716
143.404
143.332
142.758
142.567
143.175
143.317
142.799
143.325
139.263
139.263
139.606
139.428
132.806
139.551
139.429
132.969
139.507
161.729
139
159.586
160.063
160.063
160.063
160.063
160.063
160.063
160.063
