258
265.446
263.265
263.225
261.229
261.701
259.701
258.701
258.701
258.087
258.171
258.171
258.171
258.171
258.171
258.171
258.171
258.171
258.171
258.376
258.376
258.376
259.376
259.376
260.427
257.427
258.211
258.211
257.211
261.211
261.211
261.211
261.211
261.211
261.211
261.691
261.691
261.056
262.056
262.056
261.74
261.74
261.593
261.593
261.593
261.593
261.593
263.593
261.379
261.346
260.871
259.631
259.42
259.388
255.388
255.388
255.388
255.388
255.388
254.388
253.388
253.388
253.777
253.079
253.189
253.717
253.717
253.717
256.717
256.717
259.717
260.223
260.223
260.223
260.223
262.223
262.223
262.223
261.223
263.223
261.255
261.075
258
258
258
258
258
258
258
258
258
