285.409
306.991
306.466
305.112
293.722
293.722
293.722
293.722
283.483
292.069
290.098
289.088
287.902
283.381
283.061
282.833
282.722
282.392
283.106
283.106
283.106
283.106
283.106
283.106
283.106
285.106
285.106
269.297
274.678
275.026
275.28
275.564
268.508
303.385
303.231
301.083
301.066
300.71
303.71
303.492
268.083
269.808
269.9
269.312
269.681
269.259
270.379
286.559
286.126
286.766
286.428
286.325
286.326
286.317
283.079
283.341
283.821
283.821
289.821
289.821
289.821
289.821
289.821
289.821
289.821
289.19
289.7
289.796
289.592
289.295
292.042
292.136
292.136
292.136
292.136
292.136
292.136
292.136
292.136
